tmp1 = [[[  8.26511872e-02]
  [  8.79430033e-01]
  [  1.08326597e-01]
  [  3.85244097e-01]
  [  1.22908138e-01]
  [  2.83931357e-01]
  [  2.79157261e-01]
  [  6.21513944e-01]
  [  9.63860933e-01]
  [  1.40788538e-02]
  [  2.62485137e-01]
  [  2.11267606e-01]
  [  0.00000000e+00]
  [  0.00000000e+00]
  [  1.48423006e-02]
  [  9.22315537e-02]
  [  1.54413670e-01]
  [  1.99533256e-01]
  [  3.82490438e-02]
  [  2.71903323e-01]
  [  5.77125475e-02]
  [  5.17094881e-02]]

 [[  0.00000000e+00]
  [  3.17662069e-02]
  [  2.72284893e-01]
  [  9.78515625e-01]
  [  7.35324408e-01]
  [  1.32477498e-01]
  [  9.78195033e-01]
  [  9.19988079e-02]
  [  3.62191552e-01]
  [  2.71243781e-01]
  [  2.94200564e-01]
  [  3.37033734e-01]
  [  1.11645991e-01]
  [  7.88177340e-02]
  [  6.26525631e-01]
  [  9.39809926e-02]
  [  4.27833387e-02]
  [  1.47885767e-01]
  [  5.69366480e-02]
  [  5.09633701e-01]
  [  6.12903226e-01]
  [  2.95443246e-03]]

 [[  1.25413987e-02]
  [  8.33333333e-02]
  [  4.80830671e-01]
  [  1.32765033e-01]
  [  1.21313980e-05]
  [  3.17757009e-02]
  [  2.00246957e-01]
  [  6.07701106e-01]
  [  6.39106537e-01]
  [  1.99382954e-01]
  [  3.80976096e-01]
  [  3.89319916e-01]
  [  4.62059587e-01]
  [  5.00000000e-02]
  [  9.17335918e-02]
  [  1.07940166e-01]
  [  2.09090909e-01]
  [  1.54570919e-01]
  [  9.46571136e-01]
  [  1.67664671e-01]
  [  6.49748135e-01]
  [  6.99168595e-01]]

 [[  5.02149613e-01]
  [  7.24979674e-02]
  [  1.40383651e-01]
  [  4.23490735e-01]
  [  1.40500295e-02]
  [  2.73664492e-01]
  [  1.36518583e-01]
  [  3.71491568e-01]
  [  3.06543385e-01]
  [  6.88003066e-01]
  [  6.24170451e-01]
  [  6.10738914e-01]
  [  1.47335423e-01]
  [  3.45363241e-02]
  [  9.86674649e-03]
  [  3.63903847e-01]
  [  8.87005650e-01]
  [  4.33455433e-02]
  [  1.07361703e-01]
  [  1.93732194e-01]
  [  4.31129892e-01]
  [  1.55130489e-01]]

 [[  1.40568099e-01]
  [  2.28020014e-01]
  [  4.29440990e-01]
  [  2.37001209e-02]
  [  3.47648262e-01]
  [  2.09725532e-01]
  [  9.28431888e-01]
  [  6.29825089e-01]
  [  9.60060946e-02]
  [  1.21681416e-01]
  [  2.09090909e-01]
  [  5.48872445e-01]
  [  1.29441203e-01]
  [  3.99061033e-02]
  [  1.34894847e-01]
  [  2.32921384e-01]
  [  1.83035714e-01]
  [  5.10994264e-01]
  [  3.23402845e-01]
  [  4.53957091e-02]
  [  3.84290541e-02]
  [  2.22042794e-03]]

 [[  4.11516650e-02]
  [  5.33599065e-01]
  [  0.00000000e+00]
  [  2.21996753e-01]
  [  3.67883356e-01]
  [  4.17358574e-02]
  [  7.20436765e-02]
  [  2.68503702e-03]
  [  5.27117509e-01]
  [  3.65591398e-01]
  [  4.40985733e-02]
  [  1.48237059e-01]
  [  1.31058020e-01]
  [  1.39149641e-01]
  [  2.40095495e-01]
  [  8.26202681e-01]
  [  2.08198476e-01]
  [  2.77050454e-01]
  [  1.98879552e-01]
  [  1.52805950e-01]
  [  4.07055631e-02]
  [  1.46735143e-03]]

 [[  9.20947812e-01]
  [  1.79852518e-01]
  [  2.28020014e-01]
  [  2.08158116e-02]
  [  4.20998588e-02]
  [  1.77697842e-01]
  [  2.12003118e-01]
  [  5.13656633e-01]
  [  2.43966817e-01]
  [  1.61698235e-01]
  [  4.77343750e-02]
  [  7.21261203e-01]
  [  1.37115713e-01]
  [  3.60394537e-02]
  [  4.41990420e-01]
  [  6.98714689e-01]
  [  1.07190796e-01]
  [  2.99899126e-01]
  [  1.88976378e-01]
  [  2.58427909e-02]
  [  1.13571655e-01]
  [  1.00226191e-01]]

 [[  8.10681927e-02]
  [  8.46164300e-02]
  [  2.62957844e-01]
  [  6.30233583e-02]
  [  3.54651217e-02]
  [  5.44735240e-02]
  [  7.09647093e-01]
  [  7.85156799e-01]
  [  2.17090006e-01]
  [  1.42857143e-01]
  [  3.22580645e-01]
  [  2.84660695e-01]
  [  8.83952411e-02]
  [  1.50833712e-01]
  [  2.72727273e-01]
  [  1.61083265e-01]
  [  1.92663529e-01]
  [  2.03725767e-01]
  [  5.60975610e-01]
  [  8.70518869e-02]
  [  9.99170670e-02]
  [  3.69621041e-01]]

 [[  3.11259969e-01]
  [  8.64486047e-01]
  [  8.04530345e-01]
  [  6.70685614e-02]
  [  6.96815763e-02]
  [  3.74032162e-01]
  [  3.66824612e-01]
  [  5.73393616e-01]
  [  1.98902092e-01]
  [  2.05726008e-01]
  [  2.06016509e-02]
  [  1.52264203e-02]
  [  9.22746262e-01]
  [  1.44012322e-01]
  [  1.48928946e-01]
  [  3.43698854e-01]
  [  9.67923467e-02]
  [  9.43811878e-02]
  [  4.52830189e-01]
  [  1.08243003e-02]
  [  1.42473118e-01]
  [  3.46637049e-02]]

 [[  5.95344924e-01]
  [  4.41361917e-02]
  [  2.41810753e-01]
  [  9.42433300e-01]
  [  1.18497110e-01]
  [  5.52265105e-01]
  [  1.47492146e-01]
  [  4.67580739e-01]
  [  5.41468705e-01]
  [  1.48007672e-01]
  [  1.60439036e-02]
  [  1.92642228e-02]
  [  1.50404905e-02]
  [  2.01381984e-01]
  [  3.61822804e-02]
  [  3.50058893e-01]
  [  2.49760237e-02]
  [  3.43984962e-01]
  [  9.01046218e-01]
  [  2.33415233e-01]
  [  1.34991119e-01]
  [  5.67273201e-02]]

 [[  1.62972621e-01]
  [  5.81276199e-02]
  [  2.84171224e-01]
  [  9.76443769e-02]
  [  2.95771916e-02]
  [  5.35735135e-01]
  [  2.09366391e-01]
  [  0.00000000e+00]
  [  0.00000000e+00]
  [  5.41574644e-02]
  [  3.96397331e-02]
  [  3.04828881e-02]
  [  2.49977839e-02]
  [  2.29676639e-02]
  [  2.62646839e-02]
  [  1.77266275e-01]
  [  2.69205366e-01]
  [  2.64705882e-01]
  [  6.87007236e-01]
  [  5.90388377e-01]
  [  3.14749471e-02]
  [  4.17519909e-01]]

 [[  3.83017576e-02]
  [  8.51714551e-01]
  [  1.30856553e-01]
  [  8.16797911e-01]
  [  6.67100533e-02]
  [  2.87684659e-01]
  [  4.29556019e-02]
  [  0.00000000e+00]
  [  0.00000000e+00]
  [  4.88784616e-02]
  [  4.96329692e-02]
  [  4.18518112e-02]
  [  1.36868308e-02]
  [  6.64173103e-06]
  [  2.10377478e-02]
  [  6.47793221e-02]
  [  3.28845300e-01]
  [  3.32921047e-01]
  [  3.09021113e-01]
  [  1.06824966e-05]
  [  8.90087185e-02]
  [  1.08398785e-01]]

 [[  1.96063581e-01]
  [  6.70250896e-01]
  [  7.69230769e-01]
  [  1.30616510e-01]
  [  1.27441860e-01]
  [  9.30656934e-02]
  [  1.95026041e-02]
  [  0.00000000e+00]
  [  1.38277473e-02]
  [  3.31524244e-02]
  [  2.25893894e-02]
  [  4.27887691e-02]
  [  1.04274503e-02]
  [  1.19419043e-05]
  [  7.57327558e-02]
  [  4.17607223e-01]
  [  2.05877536e-01]
  [  5.25896806e-01]
  [  3.09021113e-01]
  [  7.67156863e-01]
  [  1.59045726e-02]
  [  1.14022319e-01]]

 [[  0.00000000e+00]
  [  4.78085549e-01]
  [  9.56959547e-02]
  [  3.18472500e-02]
  [  8.82175000e-03]
  [  8.94029384e-02]
  [  7.86885246e-01]
  [  2.48416903e-02]
  [  4.73930067e-02]
  [  1.04118935e-01]
  [  1.35916422e-02]
  [  4.31766879e-02]
  [  1.78025648e-02]
  [  6.84366923e-05]
  [  4.43503833e-01]
  [  9.08925319e-01]
  [  1.03523836e-02]
  [  4.88038526e-01]
  [  6.79032930e-01]
  [  5.81098340e-01]
  [  1.54302671e-02]
  [  9.61777399e-02]]

 [[  3.58796571e-01]
  [  1.69394362e-01]
  [  8.39452991e-01]
  [  9.81950000e-03]
  [  6.03567500e-02]
  [  1.61348736e-01]
  [  1.12451341e-01]
  [  1.03623188e-01]
  [  8.41768456e-01]
  [  0.00000000e+00]
  [  6.14732218e-02]
  [  8.62064810e-02]
  [  4.74362844e-04]
  [  3.41735102e-01]
  [  3.20135877e-01]
  [  7.75847529e-02]
  [  2.05128205e-01]
  [  0.00000000e+00]
  [  1.43790850e-02]
  [  3.70398773e-01]
  [  2.15737218e-04]
  [  2.99205871e-02]]

 [[  4.77937296e-01]
  [  8.85483612e-02]
  [  1.30434783e-01]
  [  1.26817500e-02]
  [  9.17770850e-01]
  [  5.66153930e-01]
  [  2.77334958e-03]
  [  8.19068092e-01]
  [  7.98856253e-01]
  [  5.87857797e-01]
  [  7.73378778e-02]
  [  6.39795266e-04]
  [  5.04744599e-04]
  [  1.04527472e-01]
  [  4.45261122e-01]
  [  9.34351937e-03]
  [  2.12121212e-01]
  [  5.52187834e-01]
  [  3.46042300e-01]
  [  5.74001052e-01]
  [  3.07090677e-02]
  [  3.64861118e-01]]

 [[  4.44491077e-01]
  [  5.62122758e-01]
  [  7.10027380e-02]
  [  7.73230839e-02]
  [  6.62336136e-01]
  [  8.52945733e-02]
  [  5.14878948e-01]
  [  8.35820896e-01]
  [  8.60215054e-01]
  [  8.41591784e-01]
  [  3.14120827e-01]
  [  3.33333333e-01]
  [  9.43464616e-04]
  [  2.70139894e-02]
  [  5.83835432e-01]
  [  1.27586005e-02]
  [  3.35070701e-01]
  [  2.73056575e-01]
  [  0.00000000e+00]
  [  3.21860124e-01]
  [  3.91791118e-02]
  [  6.78125000e-01]]

 [[  1.36363636e-01]
  [  7.39329928e-01]
  [  5.72216764e-01]
  [  3.28244275e-01]
  [  4.07264722e-02]
