  7.6914794e-006  7.6922485e-002  7.6922485e-002  7.6922485e-002  7.6922485e-002  7.6922485e-002  7.6922485e-002  7.6922485e-002  7.6922485e-002  7.6922485e-002  7.6922485e-002  7.6922485e-002  7.6922485e-002  7.6922485e-002
  7.6922485e-002  7.6914794e-006  7.6922485e-002  7.6922485e-002  7.6922485e-002  7.6922485e-002  7.6922485e-002  7.6922485e-002  7.6922485e-002  7.6922485e-002  7.6922485e-002  7.6922485e-002  7.6922485e-002  7.6922485e-002
  7.6922485e-002  7.6922485e-002  7.6914794e-006  7.6922485e-002  7.6922485e-002  7.6922485e-002  7.6922485e-002  7.6922485e-002  7.6922485e-002  7.6922485e-002  7.6922485e-002  7.6922485e-002  7.6922485e-002  7.6922485e-002
  7.6922485e-002  7.6922485e-002  7.6922485e-002  7.6914794e-006  7.6922485e-002  7.6922485e-002  7.6922485e-002  7.6922485e-002  7.6922485e-002  7.6922485e-002  7.6922485e-002  7.6922485e-002  7.6922485e-002  7.6922485e-002
  7.6922485e-002  7.6922485e-002  7.6922485e-002  7.6922485e-002  7.6914794e-006  7.6922485e-002  7.6922485e-002  7.6922485e-002  7.6922485e-002  7.6922485e-002  7.6922485e-002  7.6922485e-002  7.6922485e-002  7.6922485e-002
  7.6922485e-002  7.6922485e-002  7.6922485e-002  7.6922485e-002  7.6922485e-002  7.6914794e-006  7.6922485e-002  7.6922485e-002  7.6922485e-002  7.6922485e-002  7.6922485e-002  7.6922485e-002  7.6922485e-002  7.6922485e-002
  7.6922485e-002  7.6922485e-002  7.6922485e-002  7.6922485e-002  7.6922485e-002  7.6922485e-002  7.6914794e-006  7.6922485e-002  7.6922485e-002  7.6922485e-002  7.6922485e-002  7.6922485e-002  7.6922485e-002  7.6922485e-002
  7.6922485e-002  7.6922485e-002  7.6922485e-002  7.6922485e-002  7.6922485e-002  7.6922485e-002  7.6922485e-002  7.6914794e-006  7.6922485e-002  7.6922485e-002  7.6922485e-002  7.6922485e-002  7.6922485e-002  7.6922485e-002
  7.6922485e-002  7.6922485e-002  7.6922485e-002  7.6922485e-002  7.6922485e-002  7.6922485e-002  7.6922485e-002  7.6922485e-002  7.6914794e-006  7.6922485e-002  7.6922485e-002  7.6922485e-002  7.6922485e-002  7.6922485e-002
  7.6922485e-002  7.6922485e-002  7.6922485e-002  7.6922485e-002  7.6922485e-002  7.6922485e-002  7.6922485e-002  7.6922485e-002  7.6922485e-002  7.6914794e-006  7.6922485e-002  7.6922485e-002  7.6922485e-002  7.6922485e-002
  7.6922485e-002  7.6922485e-002  7.6922485e-002  7.6922485e-002  7.6922485e-002  7.6922485e-002  7.6922485e-002  7.6922485e-002  7.6922485e-002  7.6922485e-002  7.6914794e-006  7.6922485e-002  7.6922485e-002  7.6922485e-002
  7.6922485e-002  7.6922485e-002  7.6922485e-002  7.6922485e-002  7.6922485e-002  7.6922485e-002  7.6922485e-002  7.6922485e-002  7.6922485e-002  7.6922485e-002  7.6922485e-002  7.6914794e-006  7.6922485e-002  7.6922485e-002
  7.6922485e-002  7.6922485e-002  7.6922485e-002  7.6922485e-002  7.6922485e-002  7.6922485e-002  7.6922485e-002  7.6922485e-002  7.6922485e-002  7.6922485e-002  7.6922485e-002  7.6922485e-002  7.6914794e-006  7.6922485e-002
  7.6922485e-002  7.6922485e-002  7.6922485e-002  7.6922485e-002  7.6922485e-002  7.6922485e-002  7.6922485e-002  7.6922485e-002  7.6922485e-002  7.6922485e-002  7.6922485e-002  7.6922485e-002  7.6922485e-002  7.6914794e-006
  5.0127212e-002  8.7641965e-003  2.0655491e-002  4.3642010e-002  2.9970641e-002  1.2167852e-002  3.2771619e-002  1.0227303e-002  2.2351777e-002  2.4629495e-002  6.4141088e-002  2.5230695e-002  4.0426349e-001  2.5105713e-001
  5.2931706e-002  1.1932085e-002  9.9823224e-003  2.4580080e-002  1.9237094e-002  1.0231365e-001  3.3953117e-002  7.1177128e-003  1.3328136e-002  9.2179803e-003  4.8952603e-002  5.5549257e-003  4.3420812e-002  6.1747778e-001
  2.9612602e-002  1.4335537e-001  2.1925416e-002  1.4016140e-002  1.0066485e-001  1.6320598e-002  1.0106514e-002  3.9437583e-001  3.7193443e-002  1.3011719e-002  1.7890342e-001  1.2438383e-002  1.0708057e-002  1.7367654e-002
  7.0479099e-002  8.9290385e-003  1.0534637e-001  6.8041642e-002  9.1934821e-003  1.5595841e-002  5.6287562e-001  1.8364348e-002  2.9756287e-003  9.8170998e-002  1.6934786e-002  3.4771751e-003  7.3810976e-003  1.2234881e-002
  1.4690696e-001  4.1029020e-002  2.7360052e-002  4.1627242e-001  1.4188771e-002  2.8528701e-003  5.5536567e-003  1.7135658e-002  1.3055490e-001  5.2384505e-002  7.0076542e-003  7.3390826e-002  1.0317493e-002  5.5045221e-002
  2.9940854e-002  1.7818518e-001  4.3186892e-002  9.2152450e-002  2.6411282e-001  3.7269581e-002  4.5860609e-002  4.0708087e-002  2.2298807e-002  3.5351710e-002  2.7363869e-002  6.9953473e-002  1.5413730e-002  9.8201940e-002
  3.8968499e-002  2.6643900e-002  1.5233196e-002  2.9479983e-001  5.3513661e-002  5.7350636e-002  2.7589940e-002  2.0225485e-002  1.0610002e-002  7.7454835e-002  1.0019024e-002  9.0925790e-003  3.0313305e-001  5.5365369e-002
  2.3745020e-002  9.6642974e-003  1.3728072e-002  6.9841922e-002  4.8999910e-003  7.2326124e-001  3.4154251e-002  1.8179038e-002  2.5816881e-002  3.9193835e-003  3.9303737e-002  5.7678664e-003  1.9984610e-002  7.7336892e-003
  1.8496977e-002  7.0376189e-002  1.6320923e-002  1.7933518e-002  1.7460771e-001  1.4319599e-002  3.2281257e-001  5.3055111e-002  3.4945212e-002  1.0079049e-001  1.7839169e-002  1.2451359e-001  8.9612487e-003  2.5027694e-002
  8.9690653e-002  1.6855961e-002  4.0590603e-002  1.5525184e-001  8.0069129e-002  2.7661567e-002  7.5536898e-002  3.3736238e-002  3.2882006e-002  1.6490498e-001  1.0281065e-001  2.5882867e-002  1.8542535e-002  1.3558407e-001
  1.4326046e-001  1.8594025e-002  1.0580121e-001  6.4876748e-003  5.1797541e-002  1.3904805e-002  3.6427289e-002  1.6796154e-002  2.4827174e-001  9.0156857e-002  2.0526897e-002  2.3301328e-001  9.8938643e-003  5.0682119e-003
  1.8089143e-001  8.3709425e-002  1.7737190e-001  1.5007220e-002  1.3872394e-002  1.7142202e-001  2.6296409e-002  2.3749445e-002  2.0587669e-002  2.8416776e-002  4.0113226e-002  1.8044926e-002  1.6937884e-002  1.8357928e-001
  5.5856053e-002  3.1040121e-002  4.2294661e-002  2.3279908e-002  4.7326976e-001  1.4435088e-001  1.0676498e-002  9.4189289e-003  3.0853555e-002  2.6844469e-002  1.1577778e-002  1.6758700e-002  9.0510528e-002  3.3268164e-002
  1.0498166e-002  8.6273818e-001  4.0215154e-003  4.1173486e-003  2.4297018e-002  2.0891087e-003  1.6471938e-003  2.5035456e-002  1.2178549e-002  7.2918856e-003  1.1923031e-002  2.1376487e-002  6.5130384e-003  6.2730269e-003
  1.4081512e-002  2.8043573e-002  1.0646600e-002  2.8574268e-002  4.0852599e-002  1.1091701e-001  2.4281161e-002  5.4610871e-003  2.4841494e-001  2.2491864e-001  1.3180729e-001  1.3610565e-002  6.3135000e-002  5.5255753e-002
  1.2266462e-002  4.9422410e-002  1.0693382e-001  2.7651243e-002  4.6424025e-002  4.8848925e-002  1.3546702e-001  2.1439634e-002  1.3271114e-001  4.2279768e-002  1.9169931e-001  2.4472993e-002  1.3178248e-001  2.8600767e-002
  1.2298179e-002  5.4122181e-002  5.7709583e-002  7.0968458e-003  9.9302015e-002  1.4574235e-001  2.4165456e-002  1.1865381e-001  5.4487210e-002  1.9944097e-002  1.4200486e-001  2.7678948e-002  1.0708282e-002  2.2608618e-001
  1.1423529e-002  1.2383232e-002  7.2801140e-003  3.1524228e-003  1.1809184e-001  3.2062706e-003  3.0605164e-002  3.7040213e-003  2.1113012e-002  4.2506584e-002  7.2601857e-003  2.3067083e-002  6.1415322e-001  1.0205332e-001
  1.0557903e-002  1.1903252e-003  2.5731999e-003  1.6031541e-002  6.6275223e-003  5.6259943e-003  1.5519738e-003  3.8907869e-003  4.1048469e-002  4.8641191e-003  3.8871815e-003  6.4956575e-003  3.6300024e-001  5.3265509e-001
  1.8849676e-002  1.9754515e-002  1.7182813e-001  7.1046401e-002  2.6263521e-002  6.5657469e-002  7.8216986e-003  3.0290391e-002  1.0929702e-001  5.3195063e-002  3.0382026e-001  2.4417833e-002  1.7599780e-002  8.0158241e-002
  1.7078369e-002  1.7707752e-003  3.1557007e-003  3.4580741e-003  6.7265128e-001  1.2927068e-003  1.1267001e-001  2.9111368e-002  6.9705481e-003  3.6398895e-003  1.8417993e-003  3.0739594e-003  8.1912372e-003  1.3509428e-001
  2.0703266e-002  5.1773553e-003  3.0402403e-003  1.2355977e-002  4.0938856e-003  5.2970666e-003  2.7882820e-003  2.6745113e-002  4.6582963e-003  2.3826361e-003  8.8712622e-001  1.0133665e-002  7.2068318e-003  8.2911625e-003
  1.1924196e-002  1.0123988e-001  2.1040391e-002  7.0535035e-003  1.6372603e-002  3.5893745e-003  1.8837689e-001  8.3326680e-003  7.9802517e-003  4.9927481e-003  1.4379829e-001  3.6416295e-002  2.1065324e-002  4.2781758e-001
  4.7299263e-002  2.6177738e-001  5.9427810e-002  1.1226168e-001  2.3737496e-002  1.0544561e-001  2.0743878e-002  2.7281155e-002  3.9137579e-002  1.0997213e-001  2.1497936e-002  1.0390497e-001  4.2800550e-002  2.4712566e-002
  5.4296456e-002  5.9382563e-002  4.6628182e-002  5.4225079e-002  1.7098100e-001  2.0718476e-002  3.0246168e-002  1.6203956e-002  2.0327458e-001  1.0919494e-001  3.8732668e-002  1.1457964e-001  5.0994973e-002  3.0541329e-002
  9.3853879e-002  1.8900012e-002  4.9401444e-002  2.4662125e-001  1.0294152e-002  4.5178557e-002  8.9649289e-002  7.0542305e-002  4.9052314e-002  8.8806760e-002  4.8724173e-002  1.5926724e-002  1.0527648e-001  6.7772656e-002
  8.2742132e-003  1.1231826e-001  4.7089672e-002  1.2456803e-001  7.7943612e-002  2.8583830e-002  3.3668143e-001  9.2044083e-003  9.0081872e-002  5.4867627e-002  2.7746090e-002  1.8897611e-002  1.3325188e-002  5.0418161e-002
  1.6468527e-002  3.8729344e-002  2.7272707e-002  1.4657767e-002  2.5257937e-001  9.0100666e-003  7.7561081e-002  9.2773748e-002  7.3015394e-003  1.6653000e-002  4.1108039e-001  2.2590425e-002  1.0537139e-002  2.7848964e-003
  7.4043450e-003  5.8340458e-002  2.2571861e-002  9.7563466e-003  1.8764267e-002  2.3338251e-002  4.2505198e-002  3.8563170e-002  9.8644143e-002  1.9316280e-001  1.0623412e-002  3.6093618e-001  1.2897640e-002  1.0249193e-001
  3.3561595e-002  2.8939326e-002  4.9692899e-001  4.7542298e-002  1.8692006e-002  2.0025025e-002  5.4645023e-002  1.3408540e-002  3.0646722e-002  4.9537856e-002  1.1657769e-002  1.0031708e-001  6.1902200e-002  3.2195567e-002
  4.7011333e-003  2.7238032e-003  1.8458260e-002  4.1842350e-002  3.3272794e-002  8.0102544e-003  7.2453046e-003  3.1016889e-003  8.4229622e-001  8.2460655e-003  1.0785297e-002  5.5349295e-003  1.0936152e-003  1.2688289e-002
  3.6710460e-002  4.7194821e-002  3.7384059e-002  1.2967941e-001  1.5786304e-002  4.8543574e-002  1.2357703e-002  4.3974738e-001  3.3777049e-002  7.9482773e-002  1.5528789e-002  2.9569046e-002  3.8702907e-002  3.5535729e-002
  4.5667559e-002  5.2690355e-002  9.9869170e-002  2.7741529e-002  2.8355635e-002  1.4822510e-002  6.4833832e-002  1.0880383e-002  2.2837975e-001  1.7026973e-001  6.5977991e-002  2.6222529e-002  1.1648821e-001  4.7800817e-002
  4.6362445e-003  1.5621576e-002  5.1300910e-002  4.9183531e-001  1.1389989e-002  3.7757472e-002  3.0116483e-002  5.1749135e-002  6.3803508e-002  1.5234603e-002  1.4477473e-001  7.2461960e-003  5.1575892e-002  2.2957950e-002
  2.4748014e-001  1.2563731e-002  2.3787859e-001  5.3914598e-003  2.8509130e-002  1.1436767e-001  1.1280672e-002  5.0932452e-002  4.5789052e-003  3.1696052e-002  2.0195893e-001  2.5152718e-002  2.1831106e-002  6.3784375e-003
  4.4042284e-002  8.4465798e-002  2.5860564e-002  1.1984796e-001  7.3521794e-002  4.2331924e-002  4.1946337e-002  3.4460972e-002  1.3929537e-001  1.8507543e-001  4.8265289e-002  6.9983056e-002  2.4277055e-002  6.6626168e-002
  9.5372911e-003  2.6934905e-002  2.6230868e-002  6.2691065e-002  1.0146830e-001  5.5326067e-002  6.3029377e-002  3.9707370e-002  2.5705321e-002  4.4891568e-002  1.2881587e-002  5.0734232e-002  4.7388708e-001  6.9749616e-003
  1.4397406e-003  1.4331893e-003  2.9244328e-003  3.5644453e-004  1.7838950e-003  9.8258535e-001  6.0462619e-004  2.0123458e-003  5.1719401e-004  4.9833054e-004  1.9509011e-003  8.8804136e-004  2.2746446e-003  7.3086099e-004
  7.0921798e-003  2.1489408e-002  1.0179334e-001  6.1159526e-002  8.6890554e-002  2.8425708e-001  2.7694957e-002  7.3841809e-003  1.5855402e-002  1.3511242e-002  1.4343279e-001  4.5781444e-002  1.7691959e-001  6.7383016e-003
  7.3464274e-002  4.4224061e-002  8.7902937e-003  3.3771599e-001  1.2137085e-001  4.0039499e-003  1.0700095e-002  2.9660830e-002  2.9150387e-001  6.4854502e-003  4.6292989e-003  3.8159179e-002  1.4770898e-002  1.4520968e-002
  2.6526006e-002  2.0388932e-002  7.1552223e-003  1.7604833e-002  5.6507105e-003  2.4385106e-002  1.1309140e-001  4.7047113e-002  6.2388388e-001  1.4087801e-002  5.4195905e-002  1.0401357e-002  1.8489148e-002  1.7092595e-002
  7.7039675e-002  1.6884003e-002  1.7575417e-001  4.2503945e-002  1.6940183e-002  1.8660005e-002  2.3744192e-001  2.1389153e-002  6.9376833e-002  3.3426093e-002  7.2219648e-002  1.2557875e-001  4.2355215e-002  5.0430415e-002
  8.3614680e-001  1.0431828e-002  4.8807833e-003  6.7105603e-003  4.0036069e-003  2.9615468e-002  9.3117035e-003  7.6308077e-003  9.1001662e-003  3.3538757e-003  2.1755643e-002  9.2429507e-003  3.6269840e-002  1.1545967e-002
  2.6606868e-002  6.7312533e-002  2.0003864e-002  4.2688439e-002  1.3711856e-001  1.2307334e-001  2.2335935e-002  1.1362735e-002  3.0696010e-002  7.9959043e-002  1.5904887e-002  2.0326573e-002  3.8715259e-001  1.5458621e-002
  1.2171220e-002  5.9853202e-001  5.7100030e-002  6.9561797e-002  1.7636283e-002  2.1931504e-003  2.5464373e-002  1.6981036e-002  5.6729818e-003  1.2751662e-002  5.6619343e-002  2.8660882e-002  2.1029933e-002  7.5625285e-002
  6.2340243e-003  9.6365947e-003  4.2782344e-001  2.6794020e-002  3.0538331e-002  6.1793922e-002  1.8656336e-002  4.9482857e-003  1.1582573e-002  3.4017021e-001  3.3385820e-002  3.6152639e-003  1.2770627e-002  1.2050558e-002
  2.3011427e-001  1.5015495e-002  1.5236318e-001  2.2658206e-002  4.4968694e-002  6.4224214e-003  1.6743518e-002  8.2350845e-002  4.9787001e-002  2.7965468e-001  1.7468784e-002  1.4852315e-002  5.6699128e-002  1.0901460e-002
  4.3398599e-002  4.7580670e-002  1.0732666e-002  2.8049941e-001  6.3402932e-003  1.7240601e-002  1.4738293e-002  8.4575361e-002  2.9127467e-002  1.5051846e-001  1.5602348e-002  2.5988733e-001  3.2261370e-002  7.4971215e-003
  2.3766433e-002  8.0138949e-002  2.0237264e-002  9.8556708e-002  2.9521015e-002  2.7565116e-001  4.4174526e-002  2.3368031e-002  2.2950868e-002  1.4381330e-002  3.3157754e-001  4.4185258e-003  1.2508394e-002  1.8749255e-002
  2.7189460e-002  1.5421894e-002  3.1670908e-002  1.5737381e-002  1.2904936e-002  1.1408744e-001  1.6016458e-001  3.1663163e-002  1.1673719e-002  3.1057210e-001  1.3951517e-002  3.7736272e-002  1.0879866e-001  1.0842797e-001
  2.6522828e-001  3.2348645e-002  7.4856098e-003  2.3681551e-002  1.9521166e-001  1.4435809e-002  1.0039015e-002  5.6591547e-002  1.1114476e-001  2.4541254e-001  1.2042511e-002  5.1054586e-003  5.1366437e-003  1.6135959e-002
  2.5293080e-001  4.9236506e-002  1.5620614e-002  4.6421061e-002  3.6954044e-002  7.8715585e-002  5.6181228e-002  8.6227637e-003  1.8362964e-001  1.3615833e-001  1.2304304e-002  2.2388045e-002  3.5533885e-002  6.5303193e-002
  6.1920827e-002  1.5314257e-001  2.8483472e-002  5.3144800e-002  1.4095152e-002  2.8634369e-002  2.1998992e-002  3.5360085e-001  6.5381142e-002  8.2826851e-002  3.6486592e-002  4.4319526e-002  3.8249020e-002  1.7715838e-002
  1.5779592e-002  2.8270623e-002  6.5245368e-003  2.2224716e-002  1.0489247e-002  3.2731641e-001  5.4640105e-003  5.9953935e-003  4.9092931e-001  1.4440171e-002  5.0609687e-003  5.2936118e-003  5.5470070e-002  6.7413388e-003
  2.2067047e-001  1.1694358e-001  4.9327269e-002  1.4192151e-002  8.0357154e-003  1.0426853e-001  1.8631538e-002  2.1544595e-002  7.6777206e-002  1.8020062e-001  3.4700990e-002  1.2114034e-001  2.6492724e-002  7.0742735e-003
  2.7159471e-002  4.3959868e-002  7.4065670e-002  9.2297145e-002  4.7929789e-002  1.5836806e-002  2.3395763e-001  1.7684109e-002  6.9788368e-002  5.3617851e-002  1.0390999e-001  2.8454520e-002  2.6284594e-002  1.6505419e-001
  1.7752032e-002  5.1983241e-002  1.0375379e-002  2.8129102e-002  2.1833914e-001  3.0456976e-002  8.6214865e-002  2.7265974e-002  3.0699880e-002  1.2387747e-001  1.0746231e-001  4.3595978e-002  1.0829489e-001  1.1555275e-001
  1.8986172e-001  2.4719652e-002  3.3809619e-001  4.1976441e-002  7.1563232e-003  4.3766695e-002  1.5607913e-002  8.1434801e-002  1.1419371e-002  6.5708411e-002  6.1518762e-003  6.3287306e-003  1.4043021e-001  2.7341661e-002
  1.0600981e-001  1.9121677e-002  3.5688426e-002  8.4357966e-002  1.4523503e-002  1.2945901e-002  7.1288294e-002  4.8048516e-001  2.9128488e-002  5.6537980e-002  1.6323298e-002  2.2412756e-002  3.1657968e-002  1.9518776e-002
  3.4716563e-002  2.5099878e-003  5.4227514e-003  2.4230990e-001  1.4457513e-002  2.8803951e-001  3.3065677e-002  8.8081470e-003  1.7943974e-002  9.2405521e-003  2.9175803e-001  3.8612007e-002  5.6064951e-003  7.5088987e-003
  2.1171468e-002  1.1208411e-001  1.8748459e-001  7.8664844e-002  1.4940137e-001  1.3240185e-002  2.6544504e-002  2.7500164e-002  1.2592662e-001  3.7664081e-002  1.5527106e-001  3.3951128e-002  1.0374140e-002  2.0721748e-002
  4.5536464e-003  5.6886232e-003  1.2013007e-001  1.0850573e-002  7.1932226e-001  6.7318997e-002  4.4367168e-003  2.9926601e-003  1.4766085e-002  4.1013125e-003  7.9188026e-003  1.2971546e-002  1.9563024e-002  5.3856855e-003
  5.7271814e-002  6.9565120e-001  7.8238191e-003  1.4704720e-002  2.0641037e-002  4.5155624e-002  9.2432073e-003  3.6134148e-003  9.9360090e-003  7.4279795e-002  8.4376952e-003  1.7644328e-002  1.9955162e-002  1.5642174e-002
  3.7913229e-003  3.8356120e-003  3.0536278e-003  6.1155036e-004  1.9519106e-003  2.6802162e-003  8.8804549e-001  9.1809736e-004  6.1943030e-003  1.0090124e-003  7.0309328e-002  5.9293499e-003  9.8479595e-003  1.8222210e-003
  1.0532772e-002  3.0550572e-002  5.9860630e-002  4.2060962e-002  9.3971279e-003  2.9222439e-002  3.0239324e-002  1.7278355e-001  7.9085976e-002  8.0371027e-003  1.3540203e-002  4.6486952e-001  9.2243181e-003  4.0595502e-002
  2.7965449e-002  4.4645094e-002  2.1606921e-001  1.8942011e-002  2.6598974e-002  3.0579005e-001  8.7151713e-002  3.5897159e-002  1.2249655e-002  2.5593541e-002  9.1772635e-002  1.1355579e-002  4.2661960e-002  5.3306979e-002
  1.7597526e-001  2.3649031e-002  7.7446011e-002  2.1513337e-002  1.2102001e-002  2.2095564e-001  2.5655414e-002  4.6186648e-002  6.1726732e-002  7.6596858e-002  3.7823469e-002  6.7297139e-002  1.4066471e-001  1.2407751e-002
  1.9131854e-002  2.1689660e-002  2.1079478e-002  6.8134889e-002  9.9971591e-002  4.4975690e-002  1.7331487e-002  7.0763242e-002  1.1057143e-001  3.5328813e-002  1.6194344e-001  1.8037934e-001  4.0219805e-002  1.0847928e-001
  1.5959649e-001  6.6726932e-003  1.1281386e-002  5.7945317e-003  4.6155876e-003  1.2197171e-002  5.1069116e-003  3.9651308e-003  8.3490733e-003  4.8886893e-002  1.0251286e-001  8.8403126e-003  6.1846486e-001  3.7160979e-003
  5.3285032e-002  3.9771253e-001  9.8392051e-003  1.4086342e-001  2.7076658e-002  2.9862342e-002  5.8742611e-003  1.3095401e-002  3.0216323e-002  2.3168615e-002  1.9324390e-002  1.2247721e-001  1.2481681e-002  1.1472294e-001
  4.3956018e-002  1.5747287e-001  4.6357749e-002  3.8648439e-001  5.5515393e-002  8.0535116e-003  3.1915035e-002  6.7192992e-002  4.3453387e-002  5.1236335e-002  1.8962694e-002  2.6471862e-002  1.7342720e-002  4.5585044e-002
  3.6300397e-002  2.1796137e-001  7.0691041e-002  2.1139795e-002  1.4338288e-002  6.1537402e-002  4.9667683e-002  1.0403184e-001  1.2350586e-001  1.7341566e-002  6.4237335e-002  4.2097123e-002  3.0381581e-002  1.4676873e-001
  2.8813780e-002  2.3521642e-002  1.0138981e-002  4.0079237e-002  3.2176784e-001  1.3738187e-001  1.3093803e-002  3.1584172e-002  2.8534109e-002  2.0455421e-002  2.6178947e-002  1.7722670e-001  1.0398965e-001  3.7233838e-002
  1.3923892e-002  1.5549346e-001  1.2016016e-002  3.4301882e-002  6.2667949e-002  2.5659978e-001  2.1790339e-002  1.9140934e-001  3.8434441e-002  2.1008584e-002  9.3322231e-002  2.5585871e-002  5.0321940e-002  2.3124278e-002
  9.6541826e-003  1.6899809e-002  1.7500296e-001  1.2275882e-002  6.2805681e-001  8.6396197e-003  1.3709031e-002  5.2579113e-002  6.2015362e-003  2.4219979e-002  8.1358890e-003  6.5078213e-003  1.8961112e-002  1.9156252e-002
  3.3390253e-002  4.3473933e-001  5.2701324e-003  3.6616259e-002  2.4505836e-002  9.3014123e-003  9.8642520e-003  1.0434889e-001  2.1837133e-002  7.0073573e-002  1.8652591e-001  2.7899728e-002  2.3741399e-002  1.1885899e-002
  4.5427543e-002  1.0347717e-001  2.5990804e-002  1.0375798e-002  5.7874396e-002  4.4199772e-001  1.0240517e-001  5.6702029e-002  1.6638819e-002  1.7548720e-002  7.9919859e-003  3.4163016e-002  4.0584204e-002  3.8822620e-002
  5.7058204e-002  5.3246049e-002  5.3647972e-003  4.4302128e-003  5.7976578e-003  2.0171635e-001  1.2791946e-002  5.4920865e-001  7.2940372e-003  8.5278249e-003  5.8074187e-003  1.9856804e-003  3.3982908e-002  5.2788261e-002
  4.0554380e-002  2.9299101e-002  2.8156855e-002  8.0788457e-002  1.3618449e-002  1.9776350e-002  5.3847533e-003  1.5005838e-002  3.1390099e-002  2.3162316e-002  1.3326748e-002  6.5479260e-001  2.3097398e-002  2.1646652e-002
  2.8864481e-001  3.8287425e-001  9.5211982e-003  4.2685253e-003  2.6006924e-002  2.0568001e-002  7.8749033e-003  8.5466306e-003  1.0381918e-002  8.2883939e-003  1.8878493e-002  1.2988759e-001  7.4049585e-003  7.6853406e-002
  2.2682837e-002  4.2199598e-002  1.9823968e-002  6.2151918e-002  3.5256977e-002  4.0640164e-002  1.4553299e-001  5.0540494e-002  4.4606260e-003  2.8948807e-002  7.8891530e-003  8.2181958e-002  4.2840145e-001  2.9289069e-002
  2.0282324e-002  4.1414078e-002  1.4789162e-002  2.2303971e-001  4.3426987e-002  1.1436430e-001  5.3475698e-002  3.5163944e-002  1.4589769e-002  1.3930624e-002  9.0500299e-002  2.0519483e-001  3.0020019e-002  9.9808253e-002
  7.0123604e-002  3.4728714e-002  5.1147214e-002  8.8185159e-003  5.4201772e-002  7.8749155e-002  5.4140900e-001  2.0388896e-002  2.5457254e-002  1.3358344e-002  2.2029477e-002  4.4416223e-002  1.6955705e-002  1.8216129e-002
  1.4843613e-001  5.0081253e-003  5.9014008e-002  1.5009334e-002  3.1602522e-002  2.7228119e-002  6.6580005e-003  4.1125952e-002  2.2018370e-002  3.5354243e-001  1.6848967e-001  1.2430017e-002  3.7817505e-002  7.1619819e-002
  1.1579079e-001  1.5197076e-002  2.6851810e-002  5.7205250e-003  5.9562186e-002  1.5367024e-001  3.3278244e-002  8.8796440e-002  3.7653969e-001  2.2319677e-002  6.8291076e-003  6.4448601e-002  2.2717781e-002  8.2778409e-003
  6.4218840e-002  4.2124552e-002  2.7818192e-002  4.9038845e-001  1.0680161e-001  2.8382244e-002  1.6150648e-002  4.1953971e-002  3.4826425e-002  4.0178607e-002  5.6356753e-002  1.2316439e-002  1.1328265e-002  2.7155002e-002
  1.0081573e-002  5.3051764e-001  8.8290505e-002  3.5141530e-003  3.7811557e-002  1.3630156e-001  8.8153782e-003  5.6127991e-002  6.6299170e-003  1.0066615e-001  4.8581002e-003  9.7938174e-003  2.8627576e-003  3.7288964e-003
  8.7364202e-002  3.1076712e-002  1.3099823e-001  2.9329709e-002  2.8910384e-002  1.1423318e-001  4.5227903e-002  2.0141508e-002  9.7750198e-002  1.0363780e-001  2.6390465e-002  4.6188158e-002  1.0450473e-001  1.3424682e-001
  2.7088631e-002  3.2872014e-002  3.4412859e-002  8.4296576e-002  5.2440555e-002  5.1858053e-002  2.3551359e-002  1.7330421e-002  2.4541324e-002  1.4253451e-001  2.2908575e-002  2.0826647e-001  3.1536281e-002  2.4636238e-001
  5.4788020e-002  8.2170313e-002  1.4126542e-001  8.0156624e-003  2.6785250e-002  1.8826236e-002  2.5052373e-002  1.0506694e-001  9.9794740e-002  2.4086520e-001  2.2224132e-002  1.1244417e-001  2.8194297e-002  3.4507251e-002
  3.2078722e-002  6.6564472e-002  3.0394344e-002  3.2842204e-002  1.0361548e-001  7.4588937e-002  4.0625454e-001  3.0559165e-002  2.4097795e-002  8.3117184e-003  6.2420851e-002  1.6376521e-002  8.5449018e-002  2.6446232e-002
  4.9446132e-002  4.5732545e-002  1.7716859e-001  1.1421183e-002  4.4874351e-002  2.2737913e-002  1.0279494e-002  3.8178585e-002  2.1266928e-002  1.4533201e-001  6.4813291e-002  9.2406710e-002  2.0537041e-001  7.0971864e-002
  6.1127139e-002  1.0205732e-001  1.0679412e-002  3.6971004e-002  2.8240242e-002  4.7151713e-002  5.0383223e-002  2.4837673e-002  1.8996444e-002  4.8973042e-001  1.0643461e-001  3.4882852e-003  1.0851285e-002  9.0512281e-003
  4.7199659e-002  7.5577232e-002  1.0400728e-001  1.2135655e-002  3.5443695e-002  3.0287048e-001  7.6231645e-002  2.4639198e-002  1.3358652e-001  6.0691837e-002  2.5333071e-002  4.2343378e-002  2.0917749e-002  3.9022599e-002
  4.0822486e-002  2.0401473e-002  2.3804949e-002  3.6097564e-002  4.8117073e-003  7.3998274e-003  2.4187044e-001  9.9028656e-002  1.1897503e-001  2.1762915e-001  1.0989563e-002  7.3399694e-002  5.8374110e-002  4.6395350e-002
  1.2307637e-003  1.2048155e-002  6.5834768e-003  1.5133957e-003  8.8378580e-003  8.9616160e-001  1.4314089e-002  1.4290662e-002  5.7223370e-004  2.8333484e-003  2.2962536e-002  1.3056298e-002  4.4831507e-003  1.1124325e-003
  4.6596983e-002  1.4297334e-002  2.1839911e-002  1.7767109e-002  2.2822795e-002  2.7659833e-003  2.1512081e-002  2.2377753e-003  1.9538697e-002  7.3437362e-003  2.6758156e-002  3.6445232e-002  7.5683157e-001  3.2426374e-003
  1.9052792e-002  2.6315031e-002  8.4378711e-002  2.5167580e-001  3.4722715e-002  8.0730054e-002  1.0372662e-002  6.8615559e-002  1.1578170e-002  1.4020324e-001  1.8414055e-002  6.1666611e-002  2.9366170e-002  1.6290842e-001
  8.6554199e-003  1.7073041e-002  6.3934815e-002  2.4370772e-002  5.4665873e-003  3.3268819e-001  6.6550026e-002  1.7253426e-001  5.4650071e-002  5.1790226e-002  7.2459311e-002  1.0307731e-001  1.5588933e-002  1.1161037e-002
  1.7641414e-001  2.6230494e-003  2.4104142e-002  1.9546832e-002  9.9989531e-003  1.0845768e-002  1.6020082e-002  2.0878817e-002  2.0927751e-002  6.4133535e-002  8.1127103e-003  2.0248470e-002  5.9838791e-001  7.7578377e-003
  2.2970883e-002  8.5569842e-003  1.5279367e-001  1.7868651e-002  2.2164804e-002  5.8223795e-002  2.7771746e-002  3.2666147e-002  4.8500885e-001  5.3067173e-002  2.0111532e-002  6.5145149e-003  7.7714668e-002  1.4566580e-002
  5.5290823e-002  3.4851857e-002  8.5327831e-002  7.9753111e-002  4.0012897e-001  1.1124316e-001  1.6459800e-002  2.8697218e-002  4.1968226e-002  1.8578878e-002  6.2925981e-003  6.0807701e-002  5.8169628e-002  2.4301978e-003
  3.7897607e-003  8.8820523e-003  3.7219524e-003  1.1291407e-003  8.3931817e-001  3.5909475e-003  5.5262961e-002  6.3769167e-002  6.9483475e-003  2.5254458e-003  2.4991861e-003  3.1704128e-003  3.9339140e-003  1.4585389e-003
  1.0186957e-001  5.1539406e-002  1.0703199e-001  1.1087927e-001  1.1801514e-002  4.4381171e-002  2.0933347e-001  1.4934717e-001  6.1362819e-002  1.4451457e-002  2.3455598e-002  2.5513271e-002  7.7714209e-002  1.1319078e-002
  7.5553022e-003  7.6680984e-003  5.2685830e-003  1.6022943e-002  9.4761950e-003  6.0739686e-003  8.9609934e-003  8.0110024e-003  7.8771606e-001  5.7147071e-003  1.8641084e-002  1.4594464e-002  3.8265818e-003  1.0047002e-001
  3.3437335e-002  2.2816053e-002  7.0399620e-003  2.6616617e-002  9.8960328e-003  8.3924030e-002  8.7213678e-002  4.3433984e-001  1.2923853e-002  1.5324889e-002  2.2130312e-002  3.9077169e-002  1.5814845e-001  4.7111775e-002
  3.7431869e-002  2.2081893e-002  3.2911981e-003  1.9838063e-003  1.0192939e-002  5.9322055e-001  2.3598462e-003  6.5949797e-003  1.3501683e-001  1.1640773e-002  1.5708881e-001  3.6503875e-003  7.4990123e-003  7.9471079e-003
  3.2306375e-001  1.8218831e-002  5.8210337e-002  1.9718345e-002  2.5178262e-002  6.1377483e-002  7.4643681e-002  3.3227927e-002  1.0748460e-001  2.7632393e-002  8.5909641e-003  1.0730802e-001  9.1346606e-002  4.3998808e-002
  3.2269049e-001  5.2992976e-001  4.0098708e-003  5.8503224e-003  4.5145418e-003  2.6885671e-002  1.9237471e-003  5.2257326e-002  8.6051670e-003  4.7722163e-003  1.7077133e-002  8.0470080e-003  7.5782324e-003  5.8585124e-003
  7.7554240e-002  5.6457443e-002  4.4317100e-001  2.0944464e-002  1.8533439e-002  1.0279583e-001  3.9997914e-002  1.0169759e-002  6.6077921e-002  6.2192221e-003  2.1760108e-002  1.0782553e-002  9.5330318e-003  1.1600307e-001
  4.8170198e-002  2.7932941e-002  4.3417742e-001  1.3308443e-001  6.9326931e-002  5.7993296e-002  2.8222087e-002  1.7060287e-002  1.3100139e-002  6.0105492e-002  4.5178405e-002  5.6905007e-002  5.9159423e-003  2.8274176e-003
  3.1300718e-001  1.2532843e-001  1.9768913e-002  4.5278836e-002  3.2759533e-002  6.7245048e-003  1.9115067e-001  4.0725375e-002  1.7527204e-002  3.4844511e-002  4.4461573e-002  4.4598158e-002  1.1086085e-002  7.2739025e-002
  1.4027270e-002  7.9358970e-003  7.7741977e-003  8.1919635e-002  3.1077922e-001  6.0421553e-002  5.2250974e-002  3.2866300e-002  4.6730705e-002  4.1552177e-002  6.6406353e-002  5.2820022e-002  7.4710855e-003  2.1704461e-001
  1.4120043e-001  9.2016676e-002  1.7783377e-002  6.2058892e-002  1.8361034e-001  3.6573701e-002  9.4864463e-002  8.3264497e-002  4.0294817e-002  1.6264807e-002  1.3945172e-002  1.0643365e-001  4.3360561e-002  6.8328620e-002
  8.1660180e-003  8.7853537e-003  2.7269236e-002  1.1160350e-001  7.5239298e-003  1.9769782e-002  1.3298725e-002  3.5385861e-002  5.9407720e-001  3.9072624e-002  5.4221296e-002  3.1821748e-002  3.2906759e-002  1.6097970e-002
  2.4929208e-002  2.7989679e-002  1.7825486e-001  1.6842169e-002  3.3253875e-002  1.9238245e-002  3.8998706e-002  8.7731470e-002  3.3905640e-002  1.1505764e-001  9.4873136e-002  1.9043445e-001  4.5257699e-002  9.3233223e-002
  6.2559899e-002  2.4654874e-002  9.4186283e-003  1.7473324e-002  7.2949570e-003  8.8973581e-003  1.9189854e-002  7.7819163e-003  6.1053022e-003  1.1114369e-002  1.2564425e-002  6.6734096e-001  6.3360160e-003  1.3926811e-001
  1.0104073e-002  4.9406819e-002  6.9917199e-003  2.5115986e-002  3.4601119e-003  1.0422441e-003  9.3870388e-003  8.0628234e-002  5.2529902e-003  5.0697162e-001  5.1616216e-003  9.5539324e-003  2.7101061e-001  1.5912999e-002
  1.4974202e-002  1.4430377e-002  2.1890736e-002  6.3805551e-002  3.0236864e-002  1.3060211e-002  6.3403920e-002  4.5626094e-001  6.6379687e-002  1.3139352e-002  6.7196856e-003  1.6468085e-002  2.2259741e-002  1.9697065e-001
  2.0666754e-002  5.8312664e-002  1.4392312e-002  3.8050309e-002  9.0761538e-002  1.0218669e-002  2.4488212e-002  2.9265465e-002  3.6959105e-001  2.1448386e-001  6.8574589e-002  5.3532932e-003  9.8627535e-003  4.5978535e-002
  1.1485383e-002  1.4474096e-002  8.7495119e-001  3.9739378e-003  2.7979062e-002  1.9154982e-003  5.2069970e-003  1.3457502e-002  2.6722736e-002  1.8535776e-003  2.3743950e-003  1.9844642e-003  3.8469325e-003  9.7742303e-003
  7.0460779e-002  1.6491718e-001  8.2004608e-003  2.1167189e-002  5.7400768e-001  1.1561512e-002  1.9017441e-002  6.3333385e-003  8.7429641e-003  5.8900471e-002  1.2705361e-002  1.9551202e-002  1.0236607e-002  1.4197819e-002
  7.6887600e-002  1.2125174e-002  2.9501654e-001  1.4116963e-001  2.4115155e-002  1.6808571e-002  1.3722188e-002  1.2425550e-001  1.1885664e-002  4.0967819e-002  4.1747920e-002  1.3896827e-002  1.3767287e-001  4.9728531e-002
  1.2227760e-001  9.7454495e-003  2.9528658e-002  1.6304525e-002  8.4967210e-002  3.4157074e-002  8.6112679e-002  4.9963095e-001  7.5932199e-003  1.6029409e-002  1.9440415e-002  4.4703893e-002  4.8594024e-003  2.4649507e-002
  6.3367313e-003  4.9386128e-002  1.4160409e-002  8.4594650e-003  1.4803785e-002  4.0057957e-002  1.7989622e-002  2.7508989e-001  3.8994285e-001  1.6648693e-002  1.6863542e-002  9.5933183e-002  1.4601741e-002  3.9726008e-002
  1.0189218e-002  1.2347168e-002  6.9666928e-003  3.6913054e-002  6.3716373e-002  1.0537456e-002  2.3201431e-002  1.7852809e-002  1.8161659e-002  4.6561057e-002  5.1429922e-002  3.0832641e-002  5.3439765e-001  1.3689287e-001
  3.5194405e-002  9.4952840e-003  3.3892892e-002  6.4928912e-003  3.2949655e-003  1.5825787e-002  1.4118879e-002  5.2537293e-001  8.2779050e-003  5.0149746e-002  6.4310513e-002  1.9952597e-002  6.7257869e-002  1.4636333e-001
  1.4045127e-002  1.0947847e-001  7.2198861e-002  1.3527806e-002  8.7401669e-003  4.3098837e-002  3.4066797e-002  5.2386224e-001  1.0773589e-002  2.2587075e-002  1.3665287e-002  7.5078817e-003  7.7573396e-002  4.8874475e-002
  2.7487500e-002  2.4462027e-002  2.1805745e-002  2.1728170e-002  1.6099512e-002  6.5224246e-003  1.8979915e-001  4.0714216e-003  6.6223131e-003  6.8537196e-003  2.6332831e-002  4.2443851e-001  2.1709392e-001  6.6827505e-003
  6.1314556e-001  9.1110789e-002  8.6432826e-003  2.9198051e-002  2.0210105e-002  4.7400348e-002  4.8276413e-002  1.9472215e-002  6.1738321e-003  3.5570614e-003  2.6690692e-002  4.3400391e-002  1.5346118e-002  2.7375142e-002
  4.7031159e-002  3.8875651e-001  3.6891818e-002  6.1677952e-002  2.2397752e-002  6.0860585e-003  4.9228421e-002  1.9528691e-001  8.8404184e-003  1.8988864e-002  1.1442807e-002  1.3135217e-001  1.5311955e-002  6.7071997e-003
  5.3755219e-003  6.9364273e-003  1.7265157e-002  3.6838174e-001  1.2534224e-001  2.8042086e-002  1.3911860e-002  3.6201798e-003  2.0269280e-001  2.5646911e-002  1.7233418e-001  4.9883310e-003  1.1406011e-002  1.4056551e-002
  5.0692984e-002  4.0472249e-002  7.4249602e-002  2.8466741e-003  8.9976228e-003  2.4698502e-003  6.3104512e-003  2.7912333e-002  7.3347873e-001  4.2395578e-003  2.3005916e-002  7.2986362e-003  1.3734368e-002  4.2910287e-003
  2.9874292e-002  2.1620457e-002  7.3496557e-002  7.0613376e-002  1.0561405e-002  1.6556252e-002  1.1295674e-001  1.0438836e-001  1.2306331e-001  9.8003696e-002  2.4354374e-001  7.8101509e-003  6.2647000e-002  2.4864662e-002
  2.5399701e-001  3.0540547e-002  8.7934538e-002  2.1555248e-002  1.7058878e-002  5.3348269e-002  8.9576415e-002  6.2272919e-002  4.0945802e-002  5.0680976e-002  5.9584832e-002  7.9370125e-002  9.2638497e-002  6.0495943e-002
  1.0015692e-001  5.0458827e-003  2.5639203e-002  6.9189708e-003  5.1256844e-002  1.4048492e-002  6.5535033e-001  1.2338063e-002  7.5055208e-003  1.2221487e-002  4.5167212e-002  1.2228357e-002  4.3139110e-003  4.7808808e-002
  5.4176025e-001  4.7797898e-003  1.8501831e-002  1.6054513e-002  3.7790739e-002  2.5161631e-001  2.1675576e-002  5.9849713e-003  6.6425432e-002  3.4381338e-003  8.3503581e-003  1.2217098e-002  7.5222429e-003  3.8827618e-003
  9.6955318e-002  6.2923722e-002  4.4958331e-002  1.7046336e-002  1.4542773e-001  2.4742876e-002  2.2889781e-002  2.7873377e-002  1.3599490e-002  5.2120773e-002  2.1875476e-002  8.6454976e-003  1.7698257e-002  4.4324303e-001
  1.2413955e-002  2.7841265e-001  6.3825684e-003  1.8653690e-001  2.7936081e-002  2.1970866e-001  9.3167951e-003  8.3930521e-002  9.0271650e-003  2.0518828e-002  9.7728067e-003  7.2265436e-002  1.0829137e-002  5.2948491e-002
  1.8487030e-003  8.1272512e-001  1.5071603e-003  7.1404836e-003  1.0878595e-003  1.4943763e-003  7.2326031e-004  5.5879908e-003  7.9426421e-004  4.5095893e-003  1.1253494e-002  6.6288958e-003  1.3198210e-001  1.2716704e-002
  8.1330596e-002  9.0021787e-003  1.1535961e-002  2.4115417e-002  3.0166389e-002  1.4012248e-002  3.4739406e-002  1.0068230e-001  1.1452980e-002  4.8488633e-002  4.2332489e-002  5.6145534e-001  1.1075260e-002  1.9610803e-002
  1.5552885e-002  1.8081479e-002  4.3829101e-002  8.1029080e-002  1.9111076e-002  1.5623804e-001  3.0390739e-002  1.3266243e-002  4.8191865e-003  2.5953493e-002  9.0325731e-003  1.1046954e-002  5.1214301e-002  5.2043485e-001
  6.2073745e-002  7.8653596e-003  1.8822186e-003  5.4573674e-003  6.5303561e-003  5.3372632e-003  1.8899347e-002  3.3357730e-002  4.0780120e-002  1.8860103e-001  1.2497964e-001  4.8802999e-001  7.2317854e-003  8.9740511e-003
  1.1676641e-002  8.6399738e-003  1.3345749e-002  6.4035360e-002  1.4941036e-002  6.9200663e-003  6.4749931e-001  2.7345375e-003  1.2174194e-003  7.1216151e-003  9.8077534e-003  2.0062506e-001  7.0349669e-003  4.4005133e-003
  1.1633042e-003  5.6782978e-003  6.3424922e-003  7.2021961e-003  4.2139414e-003  4.4916729e-003  9.2166116e-003  3.0752282e-003  9.3638746e-001  1.0722543e-003  1.7882903e-003  2.8778467e-003  8.7658012e-003  7.7245984e-003
  1.6307170e-001  7.5952651e-002  1.4674503e-002  1.8812143e-001  1.0780176e-001  2.5345563e-002  2.3104000e-002  4.3238192e-002  5.9522219e-002  5.9704159e-002  3.3571393e-002  5.0551090e-002  7.5947600e-002  7.9393739e-002
  1.3409817e-001  3.9045351e-002  5.3408440e-002  1.0140152e-001  3.9714662e-002  5.0525977e-002  8.0044174e-002  1.3472851e-001  2.9659016e-002  2.2046405e-002  4.5962652e-002  1.5228678e-001  7.3823293e-002  4.3255055e-002
  2.3562336e-002  2.8451838e-003  1.7574391e-002  7.5589258e-002  2.5213174e-001  1.5976948e-002  1.0962775e-002  1.5250243e-002  1.5543699e-002  4.6450510e-001  7.8032517e-003  1.7756617e-002  7.0676546e-002  9.8219108e-003
  1.1142356e-001  6.3719760e-002  2.7086908e-002  1.0855246e-001  2.1051657e-002  3.1680057e-002  9.2965023e-003  1.6173837e-001  1.9094926e-001  3.1441161e-002  3.3237710e-002  1.2362673e-001  5.8027757e-002  2.8168100e-002
  1.2852014e-002  8.2636085e-002  3.5660990e-002  2.1641973e-002  2.4814925e-002  1.3473002e-001  8.0792271e-002  2.1487917e-001  4.9050296e-002  1.4966214e-001  5.5808344e-002  1.4786649e-002  1.7481582e-002  1.0520353e-001
  1.9855151e-002  2.3484111e-002  2.4797478e-002  3.7401831e-002  6.1203154e-002  2.9698305e-002  2.8671462e-002  1.3704259e-001  3.3769608e-001  2.5399004e-001  2.3121323e-002  1.2386258e-002  3.0266096e-003  7.6256021e-003
  2.2622947e-002  2.9034085e-001  2.9323208e-001  1.3819339e-002  2.6591359e-002  9.7932970e-002  1.0786191e-002  4.0735298e-002  3.0947780e-002  1.7548606e-002  1.9841866e-002  1.8704527e-002  3.2415752e-002  8.4480437e-002
  8.3056674e-003  5.8078361e-001  1.0029587e-002  4.5074795e-003  4.8575435e-003  2.0812212e-002  2.1060962e-002  2.3980618e-002  2.8054605e-002  2.3248524e-001  5.8059952e-003  1.0735369e-002  6.7565878e-003  4.1824524e-002
  1.6692416e-001  1.4313605e-002  3.5207616e-002  2.7012444e-002  2.5185168e-002  1.5110310e-001  7.3126166e-002  3.1346131e-001  2.2460292e-002  2.3207744e-002  5.9666385e-002  3.6611598e-002  1.1076638e-002  4.0643762e-002
  4.3703606e-001  4.6282605e-003  7.7018725e-003  1.4450565e-002  6.5826628e-002  1.8624466e-002  6.7221397e-002  6.5970026e-003  3.6891473e-002  1.5441868e-002  6.7584293e-003  1.5070251e-001  1.3053645e-002  1.5506583e-001
  3.8796443e-002  1.1226119e-002  4.8418841e-001  8.0333464e-002  1.4552736e-002  9.9408712e-003  1.1850963e-002  1.0455159e-002  7.8556145e-003  8.2712328e-003  2.7591582e-002  1.8795736e-001  1.1592548e-002  9.5387498e-002
  1.0101195e-001  1.8602042e-002  2.9307750e-002  1.9131566e-002  4.0244852e-002  1.9439618e-002  1.0666854e-001  3.0584603e-002  2.7388916e-002  9.0766742e-002  3.8816932e-001  5.6904114e-002  4.9547794e-002  2.2232199e-002
  2.7592139e-003  1.2771625e-002  3.7517978e-004  6.6387117e-004  8.3377910e-004  1.2822939e-003  9.7399587e-001  1.0861886e-003  5.3909071e-004  1.0914698e-003  5.6727004e-004  8.3604300e-004  7.3403538e-004  2.4640667e-003
  2.4709145e-002  2.3781876e-001  6.9015686e-002  1.1037496e-002  1.5478906e-001  9.3331557e-003  3.3816913e-002  6.7562715e-003  1.1147334e-001  2.1749689e-001  4.3859209e-003  2.4337067e-002  7.4191733e-002  2.0838553e-002
  6.2499573e-002  3.2805720e-001  2.2294737e-002  2.3117309e-002  1.0003328e-001  2.1655892e-002  5.3065644e-002  1.9485148e-002  2.9294472e-002  5.5432926e-002  8.6740136e-002  6.3868296e-002  1.2734255e-002  1.2172113e-001
  1.3334904e-002  1.2237291e-002  7.0139084e-002  2.5598145e-001  9.7097210e-003  2.9968617e-002  2.3289793e-002  8.2940742e-003  4.5726344e-003  4.0198192e-002  4.9834128e-001  9.6298279e-003  4.7071763e-003  1.9595954e-002
  1.6223845e-001  2.2954938e-002  3.2786606e-002  2.0403910e-002  2.3622605e-002  9.5961617e-002  5.6711307e-002  9.4735319e-002  6.7955325e-002  3.0170629e-001  1.4858327e-002  5.6645781e-002  2.3149588e-002  2.6269934e-002
  3.2820068e-002  9.9293319e-002  2.2283523e-002  2.4673336e-001  3.0282820e-002  4.8715504e-002  4.8378665e-002  4.6745625e-003  9.9521901e-002  2.9873806e-002  5.3518325e-002  1.1139116e-001  1.0230080e-001  7.0212201e-002
